name,title,viewCount,likeCount,dislikeCount,favoriteCount,commentCount
MiawAug,Goodbye Nenekku - Granny PC Horror Game Indonesia,448800,21098,226,0,4076
MiawAug,Nenek Kangen Kamu - Granny PC Horror Game Indonesia,722006,32643,385,0,8669
MiawAug,Saatnya Beraksi - Spiderman Turf Wars - Part 4,373933,11094,214,0,2820
MiawAug,Yuri Naik Darah - Spiderman Turf Wars - Part 3,183560,7150,113,0,1551
MiawAug,Menyelidiki Hammer Head - Spiderman Turf Wars - Part 2,290728,8803,184,0,1493
MiawAug,Musuh Baru Si Kepala Keras - Spiderman Turf Wars - Part 1,271658,12743,209,0,3271
MiawAug,Selamat Tinggal Maling - Thief Simulator Indonesia - END,951116,33505,521,0,6944
MiawAug,Tak Segampang Itu Ferguso - Thief Simulator Indonesia - Part 10,706512,29956,293,0,5880
MiawAug,Makin Jago Malingnya - Thief Simulator Indonesia - Part 9,971882,26595,436,0,4736
MiawAug,Ferguso Ikut Senang - Thief Simulator Indonesia - Part 8,645346,19775,247,0,3372
MiawAug,Curi Mobil Jadi Kaya - Thief Simulator Indonesia - Part 7,963636,23873,481,0,3658
MiawAug,Polisi Dimana Mana - Thief Simulator Indonesia - Part 6,576570,19384,240,0,3462
MiawAug,Pencuri itu harus Pinter - Thief Simulator Indonesia - Part 5,1823931,33834,1275,0,4853
MiawAug,Mencuri Perhiasan - Thief Simulator Indonesia - Part 4,490152,18130,177,0,3585
MiawAug,Ketangkap Polisi - Thief Simulator Indonesia - Part 3,668572,23530,291,0,3588
MiawAug,Pencuri Amatiran WKWK - Thief Simulator Indonesia - Part 2,791815,26599,367,0,3534
MiawAug,Seru nich game - Hitman 2 Indonesia - Part 1,311895,20551,259,0,7140
MiawAug,Belajar Mencuri LOL - Thief Simulator Indonesia,600848,30328,285,0,4774
MiawAug,Penderitaan Selesai - Visage Indonesia (END),459749,18106,171,0,5541
MiawAug,NGERI Sumpah 😬 - Visage Indonesia - Part 5,315498,14010,129,0,4306
MiawAug,Teman Imajinasi - Visage Indonesia - Part 4,346163,14231,106,0,3063
MiawAug,Keluar Juga Hantunya - Visage Indonesia - Part 3,375381,14815,131,0,2708
MiawAug,Nggak Kuat Main Ini Game - Visage Indonesia - Part 2,429357,16767,157,0,3617
MiawAug,Mulai Game Horror Lagi - Visage Indonesia - Part 1,507156,24713,213,0,6340
MiawAug,Tersesat Di Dunia Lain - Infliction Indonesia (END),426220,16542,165,0,3573
MiawAug,Dimana Lagi Gw Ini ? - Infliction Indonesia - Part 6,273858,12561,108,0,2693
MiawAug,Di Terror Abis - Infliction Indonesia - Part 5,287897,12554,111,0,2972
MiawAug,Makin Suram Ini Suaminya - Infliction Indonesia - Part 4,361465,14529,133,0,3416
MiawAug,Ini Mengerikan - Infliction Indonesia - Part 3,334276,13791,127,0,2669
MiawAug,Gilakah Saya ? - Infliction Indonesia - Part 2,397300,14952,136,0,2761
MiawAug,GiveAway Gaming Gear Buat Milovers,271143,24318,173,0,6471
MiawAug,Mimpi kah ? - Infliction Indonesia - Part 1,589933,21637,224,0,4260
MiawAug,Sampai Jumpa Lagi Black Cat - Spiderman The Heist Indonesia (END),367622,8754,163,0,1899
MiawAug,Felicia atau MJ ? - Spiderman The Heist Indonesia - Part 3,311394,7741,153,0,2160
MiawAug,Bad Ending ? - The Conjuring House Indonesia (END),386426,17285,143,0,4942
MiawAug,Topeng Pembawa Sesat - The Conjuring House Indonesia Part 13,326434,15030,142,0,3698
MiawAug,Ada Apa Dengan Mereka Berdua ? - Spiderman The Heist Indonesia - Part 2,263671,7468,140,0,2070
MiawAug,Ketemu Black Cat - Spiderman The Heist Indonesia - Part 1,344109,11636,193,0,3251
MiawAug,Tapi Buka Dolo Topengmu - The Conjuring House Indonesia Part 12,309733,12563,119,0,3707
MiawAug,Rumahnya Berubah - The Conjuring House Indonesia Part 11,284279,12068,98,0,3490
MiawAug,3.000.000 Subscribers - MiawAug dan Teman Teman,262700,26823,151,0,7042
MiawAug,Saatnya Ke Basement - The Conjuring House Indonesia Part 10,360586,13843,123,0,4113
MiawAug,Merayap Di Atap - The Conjuring House Indonesia Part 9,355733,13022,112,0,3276
MiawAug,Lara Croft Berkorban - Shadow Of The Tomb Raider Indonesia (END),260310,8587,96,0,2086
MiawAug,Kok Dia Gerak - The Conjuring House Indonesia Part 8,396721,14027,123,0,3479
MiawAug,Ketemu Juga Silver Boxnya - Shadow Of The Tomb Raider Indonesia - Part 12,135409,5948,64,0,1462
MiawAug,Mencari Jalan Keluar - The Conjuring House Indonesia Part 7,389601,13757,134,0,3777
MiawAug,Lara Marah - Shadow Of The Tomb Raider Indonesia - Part 11,160895,6445,83,0,1594
MiawAug,Main Ouija - The Conjuring House Indonesia Part 6,334150,13548,124,0,3384
MiawAug,Harus Berkorban - Shadow Of The Tomb Raider Indonesia - Part 10,152359,6793,63,0,1819
